5
"p_{n} [GeV]" "" "p_{n} [GeV]" ""
"#alpha_{3D}" "" "\alpha_{3D}" ""
"#phi_{3D}" "" "\phi_{3D}" ""
"" "" "" ""
"bin number" "" "bin number" ""
5
"events"
1 0 7 0 0.12 0.24 0.39 0.54 0.69 1.2
0
6
0 1 1
1 1 2
2 1 3
3 1 4
4 1 5
5 1 6
"events"
1 1 7 0 62 98 122 140 160 180
0
6
6 1 1
7 1 2
8 1 3
9 1 4
10 1 5
11 1 6
"events"
1 2 6 0 15 35 55 90 180
0
5
12 1 1
13 1 2
14 1 3
15 1 4
16 1 5
"events"
1 3 2 0 1
0
1
17 1 1 
"events"
1 4 18 0 1 2 3 4 5 6 7 8 9 10 11 12 13 14 15 16 17 
0
17
0 1 1
1 1 2
2 1 3
3 1 4
4 1 5
5 1 6
6 1 7
7 1 8
8 1 9
9 1 10
10 1 11
11 1 12
12 1 13
13 1 14
14 1 15
15 1 16
16 1 17