8
"p_{#mu} [GeV]" "" "p_{#mu} [GeV]" ""
"cos(#theta_{#mu})" "" "cos(#theta_{#mu})" ""
"p_{#pi} [GeV]" "" "p_{#pi} [GeV]" ""
"cos(#theta_{#pi})" "" "cos(#theta_{#pi})" ""
"p_{lead p} [GeV]" "" "p_{lead p} [GeV]" ""
"cos(#theta_{lead p})" "" "cos(#theta_{lead p})" ""
"" "" "" ""
"bin number" "" "bin number" ""
8
"events"
1 0 6 0.15 0.23 0.32 0.45 0.66 1.2
0
5
0 1 1
1 1 2
2 1 3
3 1 4
4 1 5
"events"
1 1 7 -1 -0.27 0.29 0.58 0.77 0.88 1.0
0
6
5 1 1
6 1 2
7 1 3
8 1 4
9 1 5
10 1 6
"events"
1 2 5 0.1 0.16 0.19 0.22 0.6
0
4
11 1 1
12 1 2
13 1 3
14 1 4
"events"
1 3 8 -1 -0.7 -0.47 -0.25 0 0.39 0.65 1.0
0
7
15 1 1
16 1 2
17 1 3
18 1 4
19 1 5
20 1 6
21 1 7
"events"
1 4 7 0.3 0.38 0.49 0.57 0.63 0.7 0.9
0
6
22 1 1
23 1 2
24 1 3
25 1 4
26 1 5
27 1 6
"events"
1 5 7 -1. -0.34 0.07 0.39 0.65 0.84 1.0
0
6
28 1 1
29 1 2
30 1 3
31 1 4
32 1 5
33 1 6
"events"
1 6 2 0 1
0
1
34 1 1 
"events"
1 7 35 0 1 2 3 4 5 6 7 8 9 10 11 12 13 14 15 16 17 18 19 20 21 22 23 24 25 26 27 28 29 30 31 32 33 34
0
34
0 1 1
1 1 2
2 1 3
3 1 4
4 1 5
5 1 6
6 1 7
7 1 8
8 1 9
9 1 10
10 1 11
11 1 12
12 1 13
13 1 14
14 1 15
15 1 16
16 1 17
17 1 18
18 1 19
19 1 20
20 1 21
21 1 22
22 1 23
23 1 24
24 1 25
25 1 26
26 1 27
27 1 28
28 1 29
29 1 30
30 1 31
31 1 32
32 1 33
33 1 34