11
"p_{n} [GeV]" "" "p_{n} [GeV]" ""
"#alpha_{3D}" "" "\alpha_{3D}" ""
"#phi_{3D}" "" "\phi_{3D}" ""
"p_{#mu} [GeV]" "" "p_{#mu} [GeV]" ""
"cos(#theta_{#mu})" "" "cos(#theta_{#mu})" ""
"p_{#pi} [GeV]" "" "p_{#pi} [GeV]" ""
"cos(#theta_{#pi})" "" "cos(#theta_{#pi})" ""
"p_{lead p} [GeV]" "" "p_{lead p} [GeV]" ""
"cos(#theta_{lead p})" "" "cos(#theta_{lead p})" ""
"" "" "" ""
"bin number" "" "bin number" ""
11
"events"
1 0 7 0 0.12 0.24 0.39 0.54 0.69 1.2
0
6
0 1 1
1 1 2
2 1 3
3 1 4
4 1 5
5 1 6
"events"
1 1 7 0 62 98 122 140 160 180
0
6
6 1 1
7 1 2
8 1 3
9 1 4
10 1 5
11 1 6
"events"
1 2 6 0 15 35 55 90 180
0
5
12 1 1
13 1 2
14 1 3
15 1 4
16 1 5
"events"
1 3 6 0.15 0.23 0.32 0.45 0.66 1.2
0
5
17 1 1
18 1 2
19 1 3
20 1 4
21 1 5
"events"
1 4 7 -1 -0.27 0.29 0.58 0.77 0.88 1.0
0
6
22 1 1
23 1 2
24 1 3
25 1 4
26 1 5
27 1 6
"events"
1 5 5 0.1 0.16 0.19 0.22 0.6
0
4
28 1 1
29 1 2
30 1 3
31 1 4
"events"
1 6 7 -1 -0.7 -0.47 -0.25 0 0.39 0.65 1.0
0
6
32 1 1
33 1 2
34 1 3
35 1 4
36 1 5
37 1 6
"events"
1 7 7 0.3 0.38 0.49 0.57 0.63 0.7 0.9
0
6
38 1 1
39 1 2
40 1 3
41 1 4
42 1 5
43 1 6
"events"
1 8 7 -1. -0.34 0.07 0.39 0.65 0.84 1.0
0
6
44 1 1
45 1 2
46 1 3
47 1 4
48 1 5
49 1 6
"events"
1 9 2 0 1
0
1
50 1 1 
"events"
1 10 19 0 1 2 3 4 5 6 7 8 9 10 11 12 13 14 15 16 17 18
0
18
0 1 1
1 1 2
2 1 3
3 1 4
4 1 5
5 1 6
6 1 7
7 1 8
8 1 9
9 1 10
10 1 11
11 1 12
12 1 13
13 1 14
14 1 15
15 1 16
16 1 17
17 1 18